
colors <- c("#88CCEE", "#CC6677", "#DDCC77", "#117733", "#332288", "#AA4499",
            "#44AA99", "#999933", "#882255", "#661100", "#6699CC", "#888888")


genotype_colors <- c("N2" ="#888888",
                     "WT" = "#888888",
                     "cest-2.1" = "#984F9F",
                     "tbh-1" ="#8E3E29",
                     "tbh-1; cest-2.1" = "#8E3E29",
                     "TIBR1"= "#984F9F",
                     "TIBR2"=  "#984F9F",
                     "glo-1"= "#CC6677",
                     "fcmt-1"= "#44AA99",
                     "cat-1"= "#332288",
                     "cest-1.2"= "#4EAE49",
                     "bas-1" = "#332288",
                     "bas-1; cest-2.1" = "#332288",
                     "tph-1" = "#6699CC",
                     "tph-1; cest-2.1" = "#6699CC",
                     "sqv-7"= "#5F96CA",
                     "ugt-64"= "#546FB5",
                     "gba-4" = "#3954A5",
                     "slc-17.1a" = "#46883F",
                     "T05A1.5" = "#4CB448",
                     "T10C6.6" = "#547A4C"

                    )

condition_alpha <- c("control" = 1,
                     "double_mutant" = 0.5,
                     "rescue" = 0.5,
                     "CFAKO" = 0.5)
